   0.980     1.3018   0.00000112 
   0.990     1.3017   0.00000133 
   1.000     1.3015   0.00000162 
   1.010     1.3013   0.00000200 
   1.020     1.3012   0.00000225 
   1.030     1.3010   0.00000233 
   1.040     1.3008   0.00000233 
   1.050     1.3006   0.00000217 
   1.060     1.3005   0.00000196 
   1.070     1.3003   0.00000181 
   1.080     1.3001   0.00000174 
   1.090     1.3000   0.00000173 
   1.100     1.2998   0.00000170 
   1.110     1.2996   0.00000176 
   1.120     1.2995   0.00000182 
   1.130     1.2993   0.00000204 
   1.140     1.2991   0.00000225 
   1.150     1.2989   0.00000229 
   1.160     1.2987   0.00000304 
   1.170     1.2985   0.00000384 
   1.180     1.2984   0.00000477 
   1.190     1.2982   0.00000576 
   1.200     1.2980   0.00000671 
   1.210     1.2978   0.00000866 
   1.220     1.2976   0.00001020 
   1.230     1.2974   0.00001130 
   1.240     1.2972   0.00001220 
   1.250     1.2970   0.00001290 
   1.260     1.2969   0.00001320 
   1.270     1.2967   0.00001350 
   1.280     1.2965   0.00001330 
   1.290     1.2963   0.00001320 
   1.300     1.2961   0.00001320 
   1.310     1.2958   0.00001310 
   1.320     1.2956   0.00001320 
   1.330     1.2954   0.00001320 
   1.340     1.2952   0.00001340 
   1.350     1.2950   0.00001390 
   1.360     1.2948   0.00001420 
   1.370     1.2945   0.00001480 
   1.380     1.2943   0.00001580 
   1.390     1.2941   0.00001740 
   1.400     1.2938   0.00001980 
   1.410     1.2936   0.00002500 
   1.420     1.2933   0.00005400 
   1.430     1.2930   0.00010400 
   1.440     1.2927   0.00020300 
   1.449     1.2925   0.00027080 
   1.460     1.2923   0.00035110 
   1.471     1.2921   0.00042990 
   1.481     1.2919   0.00051810 
   1.493     1.2917   0.00058550 
   1.504     1.2915   0.00058990 
   1.515     1.2913   0.00056350 
   1.527     1.2911   0.00054800 
   1.538     1.2908   0.00052660 
   1.563     1.2903   0.00043940 
   1.587     1.2896   0.00037010 
   1.613     1.2889   0.00033720 
   1.650     1.2878   0.00024100 
   1.680     1.2869   0.00018900 
   1.700     1.2862   0.00016600 
   1.730     1.2852   0.00014500 
   1.760     1.2841   0.00012800 
   1.800     1.2826   0.00010300 
   1.830     1.2814   0.00008600 
   1.840     1.2809   0.00008220 
   1.850     1.2805   0.00008030 
   1.855     1.2802   0.00008500 
   1.860     1.2800   0.00009900 
   1.870     1.2795   0.00015000 
   1.890     1.2785   0.00029500 
   1.905     1.2777   0.00046870 
   1.923     1.2769   0.00076150 
   1.942     1.2761   0.00101000 
   1.961     1.2754   0.00131300 
   1.980     1.2747   0.00153900 
   2.000     1.2740   0.00158800 
   2.020     1.2733   0.00154000 
   2.041     1.2724   0.00141200 
   2.062     1.2714   0.00124400 
   2.083     1.2703   0.00106800 
   2.105     1.2690   0.00084140 
   2.130     1.2674   0.00056500 
   2.150     1.2659   0.00043200 
   2.170     1.2644   0.00035000 
   2.190     1.2628   0.00028700 
   2.220     1.2604   0.00022100 
   2.240     1.2586   0.00020300 
   2.245     1.2582   0.00020100 
   2.250     1.2577   0.00020300 
   2.260     1.2567   0.00021400 
   2.270     1.2558   0.00023200 
   2.290     1.2538   0.00028900 
   2.310     1.2518   0.00038100 
   2.330     1.2497   0.00046200 
   2.350     1.2475   0.00054800 
   2.370     1.2451   0.00061800 
   2.390     1.2427   0.00068000 
   2.410     1.2400   0.00073000 
   2.430     1.2373   0.00078200 
   2.460     1.2327   0.00084800 
   2.500     1.2258   0.00092500 
   2.520     1.2220   0.00092000 
   2.550     1.2155   0.00089200 
   2.565     1.2118   0.00087000 
   2.580     1.2079   0.00089000 
   2.590     1.2051   0.00093000 
   2.600     1.2021   0.00101000 
   2.620     1.1957   0.00135000 
   2.675     1.1741   0.00342000 
   2.725     1.1473   0.00792000 
   2.778     1.1077   0.02000000 
   2.817     1.0674   0.03800000 
   2.833     1.0476   0.05200000 
   2.849     1.0265   0.06800000 
   2.865     1.0036   0.09230000 
   2.882     0.9820   0.12700000 
   2.899     0.9650   0.16900000 
   2.915     0.9596   0.22100000 
   2.933     0.9727   0.27600000 
   2.950     0.9917   0.31200000 
   2.967     1.0067   0.34700000 
   2.985     1.0219   0.38800000 
   3.003     1.0427   0.43800000 
   3.021     1.0760   0.49300000 
   3.040     1.1295   0.55400000 
   3.058     1.2127   0.61200000 
   3.077     1.3251   0.62500000 
   3.096     1.4260   0.59300000 
   3.115     1.4966   0.53900000 
   3.135     1.5510   0.49100000 
   3.155     1.5999   0.43800000 
   3.175     1.6363   0.37200000 
   3.195     1.6502   0.30000000 
   3.215     1.6428   0.23800000 
   3.236     1.6269   0.19300000 
   3.257     1.6128   0.15800000 
   3.279     1.5924   0.12100000 
   3.300     1.5733   0.10300000 
   3.322     1.5577   0.08360000 
   3.345     1.5413   0.06680000 
   3.367     1.5265   0.05400000 
   3.390     1.5114   0.04220000 
   3.413     1.4973   0.03420000 
   3.436     1.4845   0.02740000 
   3.460     1.4721   0.02200000 
   3.484     1.4612   0.01860000 
   3.509     1.4513   0.01520000 
   3.534     1.4421   0.01260000 
   3.559     1.4337   0.01060000 
   3.624     1.4155   0.00802000 
   3.732     1.3942   0.00685000 
   3.775     1.3873   0.00660000 
   3.847     1.3773   0.00696000 
   3.969     1.3645   0.00916000
   4.099     1.3541   0.01100000 
   4.239     1.3446   0.01450000
   4.348     1.3388   0.02000000
   4.387     1.3381   0.02300000
   4.444     1.3385   0.02600000
   4.505     1.3405   0.02900000
   4.547     1.3429   0.02930000
   4.560     1.3442   0.03000000
   4.580     1.3463   0.02850000
   4.719     1.3442   0.01730000
   4.904     1.3345   0.01290000
   5.000     1.3290   0.01200000