# Ice refractive index from Warren (1984) Optical constants of ice
# from the ultraviolet to the microwave, Appl. Optics, 23,
# 11,906-11,926, 1984.
#
# Wavelength (microns) 	 real  imaginary
   4.43000e-02   8.34400e-01   1.64000e-01
   4.51000e-02   8.36800e-01   1.73000e-01
   4.59000e-02   8.37300e-01   1.83000e-01
   4.68000e-02   8.37700e-01   1.95000e-01
   4.77000e-02   8.38300e-01   2.08000e-01
   4.86000e-02   8.40400e-01   2.23000e-01
   4.96000e-02   8.47200e-01   2.40000e-01
   5.06000e-02   8.55200e-01   2.50000e-01
   5.17000e-02   8.60500e-01   2.59000e-01
   5.28000e-02   8.62500e-01   2.68000e-01
   5.39000e-02   8.61600e-01   2.79000e-01
   5.51000e-02   8.60900e-01   2.97000e-01
   5.64000e-02   8.64200e-01   3.19000e-01
   5.77000e-02   8.69200e-01   3.40000e-01
   5.90000e-02   8.77600e-01   3.66000e-01
   6.05000e-02   8.93000e-01   3.92000e-01
   6.20000e-02   9.10400e-01   4.16000e-01
   6.36000e-02   9.30900e-01   4.40000e-01
   6.53000e-02   9.53700e-01   4.64000e-01
   6.70000e-02   9.81900e-01   4.92000e-01
   6.89000e-02   1.02330e+00   5.17000e-01
   7.08000e-02   1.06730e+00   5.28000e-01
   7.29000e-02   1.11200e+00   5.33000e-01
   7.38000e-02   1.13130e+00   5.34000e-01
   7.51000e-02   1.15750e+00   5.31000e-01
   7.75000e-02   1.20040e+00   5.24000e-01
   8.00000e-02   1.23840e+00   5.10000e-01
   8.27000e-02   1.27320e+00   5.00000e-01
   8.55000e-02   1.32160e+00   4.99000e-01
   8.86000e-02   1.38960e+00   4.68000e-01
   9.18000e-02   1.41640e+00   3.80000e-01
   9.30000e-02   1.40910e+00   3.60000e-01
   9.54000e-02   1.40060e+00   3.39000e-01
   9.92000e-02   1.40170e+00   3.18000e-01
   1.03300e-01   1.40930e+00   2.91000e-01
   1.07800e-01   1.40220e+00   2.51000e-01
   1.10000e-01   1.39240e+00   2.44000e-01
   1.12700e-01   1.38420e+00   2.39000e-01
   1.14000e-01   1.38070e+00   2.39000e-01
   1.18100e-01   1.38190e+00   2.44000e-01
   1.21000e-01   1.39630e+00   2.47000e-01
   1.24000e-01   1.40920e+00   2.24000e-01
   1.27200e-01   1.40260e+00   1.95000e-01
   1.29500e-01   1.38010e+00   1.74000e-01
   1.30500e-01   1.36300e+00   1.72000e-01
   1.31900e-01   1.34140e+00   1.80000e-01
   1.33300e-01   1.32380e+00   1.94000e-01
   1.34800e-01   1.30600e+00   2.13000e-01
   1.36200e-01   1.29050e+00   2.43000e-01
   1.37000e-01   1.28890e+00   2.71000e-01
   1.37800e-01   1.28930e+00   2.89000e-01
   1.38700e-01   1.30190e+00   3.34000e-01
   1.39300e-01   1.32030e+00   3.44000e-01
   1.40900e-01   1.36300e+00   3.82000e-01
   1.42500e-01   1.41870e+00   4.01000e-01
   1.43500e-01   1.45830e+00   4.06500e-01
   1.44200e-01   1.49030e+00   4.05000e-01
   1.45000e-01   1.52130e+00   3.89000e-01
   1.45900e-01   1.55380e+00   3.77000e-01
   1.46800e-01   1.57780e+00   3.45000e-01
   1.47600e-01   1.59640e+00   3.32000e-01
   1.48000e-01   1.60650e+00   3.15000e-01
   1.48500e-01   1.61170e+00   2.98000e-01
   1.49400e-01   1.61920e+00   2.74000e-01
   1.51200e-01   1.62520e+00   2.28000e-01
   1.53100e-01   1.63400e+00   1.98000e-01
   1.54000e-01   1.63690e+00   1.72000e-01
   1.55000e-01   1.63830e+00   1.56000e-01
   1.56900e-01   1.63720e+00   1.10000e-01
   1.58000e-01   1.63230e+00   8.30000e-02
   1.58900e-01   1.62220e+00   5.80000e-02
   1.61000e-01   1.58270e+00   2.20000e-02
   1.62500e-01   1.55640e+00   1.00000e-02
   1.64800e-01   1.52450e+00   3.00000e-03
   1.66900e-01   1.50320e+00   1.00000e-03
   1.69200e-01   1.48500e+00   3.00000e-04
   1.71300e-01   1.47230e+00   1.00000e-04
   1.73700e-01   1.45990e+00   3.00000e-05
   1.75700e-01   1.45110e+00   1.00000e-05
   1.77900e-01   1.44270e+00   3.00000e-06
   1.80200e-01   1.43500e+00   1.00000e-06
   1.80900e-01   1.43280e+00   7.00000e-07
   1.82100e-01   1.42920e+00   4.00000e-07
   1.83300e-01   1.42600e+00   2.00000e-07
   1.84300e-01   1.42320e+00   1.00000e-07
   1.85000e-01   1.42140e+00   6.37700e-08
   1.86000e-01   1.41900e+00   3.75000e-08
   1.87000e-01   1.41660e+00   2.80000e-08
   1.88000e-01   1.41430e+00   2.40000e-08
   1.89000e-01   1.41220e+00   2.20000e-08
   1.90000e-01   1.41010e+00   1.90000e-08
   1.91000e-01   1.40810e+00   1.75000e-08
   1.93000e-01   1.40420e+00   1.64000e-08
   1.95000e-01   1.40070e+00   1.59000e-08
   2.10000e-01   1.38000e+00   1.32500e-08
   2.50000e-01   1.35090e+00   8.62300e-09
   3.00000e-01   1.33390e+00   5.50400e-09
   3.50000e-01   1.32490e+00   3.76500e-09
   4.00000e-01   1.31940e+00   2.71000e-09
   4.10000e-01   1.31850e+00   2.51000e-09
   4.20000e-01   1.31770e+00   2.26000e-09
   4.30000e-01   1.31700e+00   2.08000e-09
   4.40000e-01   1.31630e+00   1.91000e-09
   4.50000e-01   1.31570e+00   1.54000e-09
   4.60000e-01   1.31510e+00   1.53000e-09
   4.70000e-01   1.31450e+00   1.55000e-09
   4.80000e-01   1.31400e+00   1.64000e-09
   4.90000e-01   1.31350e+00   1.78000e-09
   5.00000e-01   1.31300e+00   1.91000e-09
   5.10000e-01   1.31260e+00   2.14000e-09
   5.20000e-01   1.31220e+00   2.26000e-09
   5.30000e-01   1.31180e+00   2.54000e-09
   5.40000e-01   1.31140e+00   2.93000e-09
   5.50000e-01   1.31100e+00   3.11000e-09
   5.60000e-01   1.31060e+00   3.29000e-09
   5.70000e-01   1.31030e+00   3.52000e-09
   5.80000e-01   1.31000e+00   4.04000e-09
   5.90000e-01   1.30970e+00   4.88000e-09
   6.00000e-01   1.30940e+00   5.73000e-09
   6.10000e-01   1.30910e+00   6.89000e-09
   6.20000e-01   1.30880e+00   8.58000e-09
   6.30000e-01   1.30850e+00   1.04000e-08
   6.40000e-01   1.30830e+00   1.22000e-08
   6.50000e-01   1.30800e+00   1.43000e-08
   6.60000e-01   1.30780e+00   1.66000e-08
   6.70000e-01   1.30760e+00   1.89000e-08
   6.80000e-01   1.30730e+00   2.09000e-08
   6.90000e-01   1.30710e+00   2.40000e-08
   7.00000e-01   1.30690e+00   2.90000e-08
   7.10000e-01   1.30670e+00   3.44000e-08
   7.20000e-01   1.30650e+00   4.03000e-08
   7.30000e-01   1.30620e+00   4.30000e-08
   7.40000e-01   1.30600e+00   4.92000e-08
   7.50000e-01   1.30580e+00   5.87000e-08
   7.60000e-01   1.30570e+00   7.08000e-08
   7.70000e-01   1.30550e+00   8.58000e-08
   7.80000e-01   1.30530e+00   1.02000e-07
   7.90000e-01   1.30510e+00   1.18000e-07
   8.00000e-01   1.30490e+00   1.34000e-07
   8.10000e-01   1.30470e+00   1.40000e-07
   8.20000e-01   1.30450e+00   1.43000e-07
   8.30000e-01   1.30440e+00   1.45000e-07
   8.40000e-01   1.30420e+00   1.51000e-07
   8.50000e-01   1.30400e+00   1.83000e-07
   8.60000e-01   1.30380e+00   2.15000e-07
   8.70000e-01   1.30370e+00   2.65000e-07
   8.80000e-01   1.30350e+00   3.35000e-07
   8.90000e-01   1.30330e+00   3.92000e-07
   9.00000e-01   1.30320e+00   4.20000e-07
   9.10000e-01   1.30300e+00   4.44000e-07
   9.20000e-01   1.30280e+00   4.74000e-07
   9.30000e-01   1.30270e+00   5.11000e-07
   9.40000e-01   1.30250e+00   5.53000e-07
   9.50000e-01   1.30230e+00   6.02000e-07
   9.60000e-01   1.30220e+00   7.55000e-07
   9.70000e-01   1.30200e+00   9.26000e-07
   9.80000e-01   1.30180e+00   1.12000e-06
   9.90000e-01   1.30170e+00   1.33000e-06
   1.00000e+00   1.30150e+00   1.62000e-06
   1.01000e+00   1.30130e+00   2.00000e-06
   1.02000e+00   1.30120e+00   2.25000e-06
   1.03000e+00   1.30100e+00   2.33000e-06
   1.04000e+00   1.30080e+00   2.33000e-06
   1.05000e+00   1.30060e+00   2.17000e-06
   1.06000e+00   1.30050e+00   1.96000e-06
   1.07000e+00   1.30030e+00   1.81000e-06
   1.08000e+00   1.30010e+00   1.74000e-06
   1.09000e+00   1.30000e+00   1.73000e-06
   1.10000e+00   1.29980e+00   1.70000e-06
   1.11000e+00   1.29960e+00   1.76000e-06
   1.12000e+00   1.29950e+00   1.82000e-06
   1.13000e+00   1.29930e+00   2.04000e-06
   1.14000e+00   1.29910e+00   2.25000e-06
   1.15000e+00   1.29890e+00   2.29000e-06
   1.16000e+00   1.29870e+00   3.04000e-06
   1.17000e+00   1.29850e+00   3.84000e-06
   1.18000e+00   1.29840e+00   4.77000e-06
   1.19000e+00   1.29820e+00   5.76000e-06
   1.20000e+00   1.29800e+00   6.71000e-06
   1.21000e+00   1.29780e+00   8.66000e-06
   1.22000e+00   1.29760e+00   1.02000e-05
   1.23000e+00   1.29740e+00   1.13000e-05
   1.24000e+00   1.29720e+00   1.22000e-05
   1.25000e+00   1.29700e+00   1.29000e-05
   1.26000e+00   1.29690e+00   1.32000e-05
   1.27000e+00   1.29670e+00   1.35000e-05
   1.28000e+00   1.29650e+00   1.33000e-05
   1.29000e+00   1.29630e+00   1.32000e-05
   1.30000e+00   1.29610e+00   1.32000e-05
   1.31000e+00   1.29580e+00   1.31000e-05
   1.32000e+00   1.29560e+00   1.32000e-05
   1.33000e+00   1.29540e+00   1.32000e-05
   1.34000e+00   1.29520e+00   1.34000e-05
   1.35000e+00   1.29500e+00   1.39000e-05
   1.36000e+00   1.29480e+00   1.42000e-05
   1.37000e+00   1.29450e+00   1.48000e-05
   1.38000e+00   1.29430e+00   1.58000e-05
   1.39000e+00   1.29410e+00   1.74000e-05
   1.40000e+00   1.29380e+00   1.98000e-05
   1.41000e+00   1.29360e+00   2.50000e-05
   1.42000e+00   1.29330e+00   5.40000e-05
   1.43000e+00   1.29300e+00   1.04000e-04
   1.44000e+00   1.29270e+00   2.03000e-04
   1.44900e+00   1.29250e+00   2.70800e-04
   1.46000e+00   1.29230e+00   3.51100e-04
   1.47100e+00   1.29210e+00   4.29900e-04
   1.48100e+00   1.29190e+00   5.18100e-04
   1.49300e+00   1.29170e+00   5.85500e-04
   1.50400e+00   1.29150e+00   5.89900e-04
   1.51500e+00   1.29130e+00   5.63500e-04
   1.52700e+00   1.29110e+00   5.48000e-04
   1.53800e+00   1.29080e+00   5.26600e-04
   1.56300e+00   1.29030e+00   4.39400e-04
   1.58700e+00   1.28960e+00   3.70100e-04
   1.61300e+00   1.28890e+00   3.37200e-04
   1.65000e+00   1.28780e+00   2.41000e-04
   1.68000e+00   1.28690e+00   1.89000e-04
   1.70000e+00   1.28620e+00   1.66000e-04
   1.73000e+00   1.28520e+00   1.45000e-04
   1.76000e+00   1.28410e+00   1.28000e-04
   1.80000e+00   1.28260e+00   1.03000e-04
   1.83000e+00   1.28140e+00   8.60000e-05
   1.84000e+00   1.28090e+00   8.22000e-05
   1.85000e+00   1.28050e+00   8.03000e-05
   1.85500e+00   1.28020e+00   8.50000e-05
   1.86000e+00   1.28000e+00   9.90000e-05
   1.87000e+00   1.27950e+00   1.50000e-04 
   1.89000e+00   1.27850e+00   2.95000e-04 
   1.90500e+00   1.27770e+00   4.68700e-04 
   1.92300e+00   1.27690e+00   7.61500e-04 
   1.94200e+00   1.27610e+00   1.01000e-03
   1.96100e+00   1.27540e+00   1.31300e-03
   1.98000e+00   1.27470e+00   1.53900e-03
   2.00000e+00   1.27400e+00   1.58800e-03
   2.02000e+00   1.27330e+00   1.54000e-03
   2.04100e+00   1.27240e+00   1.41200e-03
   2.06200e+00   1.27140e+00   1.24400e-03
   2.08300e+00   1.27030e+00   1.06800e-03
   2.10500e+00   1.26900e+00   8.41400e-04
   2.13000e+00   1.26740e+00   5.65000e-04
   2.15000e+00   1.26590e+00   4.32000e-04
   2.17000e+00   1.26440e+00   3.50000e-04
   2.19000e+00   1.26280e+00   2.87000e-04
   2.22000e+00   1.26040e+00   2.21000e-04
   2.24000e+00   1.25860e+00   2.03000e-04
   2.24500e+00   1.25820e+00   2.01000e-04
   2.25000e+00   1.25770e+00   2.03000e-04
   2.26000e+00   1.25670e+00   2.14000e-04
   2.27000e+00   1.25580e+00   2.32000e-04
   2.29000e+00   1.25380e+00   2.89000e-04
   2.31000e+00   1.25180e+00   3.81000e-04
   2.33000e+00   1.24970e+00   4.62000e-04
   2.35000e+00   1.24750e+00   5.48000e-04
   2.37000e+00   1.24510e+00   6.18000e-04
   2.39000e+00   1.24270e+00   6.80000e-04
   2.41000e+00   1.24000e+00   7.30000e-04
   2.43000e+00   1.23730e+00   7.82000e-04
   2.46000e+00   1.23270e+00   7.82000e-04
   2.50000e+00   1.22580e+00   9.25000e-04
   2.52000e+00   1.22200e+00   9.20000e-04
   2.55000e+00   1.21550e+00   8.92000e-04
   2.56500e+00   1.21180e+00   8.70000e-04
   2.58000e+00   1.20790e+00   8.90000e-04
   2.60000e+00   1.20210e+00   1.01000e-03
   2.62000e+00   1.19570e+00   1.35000e-03
   2.67500e+00   1.17410e+00   3.42000e-03
   2.72500e+00   1.14730e+00   7.92000e-03
   2.77800e+00   1.10770e+00   2.00000e-02
   2.81700e+00   1.06740e+00   3.80000e-02
   2.83300e+00   1.04760e+00   5.20000e-02
   2.84900e+00   1.02650e+00   6.80000e-02
   2.86500e+00   1.00360e+00   9.23000e-02
   2.88200e+00   9.82000e-01   1.27000e-01
   2.89900e+00   9.65000e-01   1.69000e-01
   2.91500e+00   9.59600e-01   2.21000e-01
   2.93300e+00   9.72700e-01   2.76000e-01
   2.95000e+00   9.91700e-01   3.12000e-01
   2.96700e+00   1.00670e+00   3.47000e-01
   2.98500e+00   1.02190e+00   3.88000e-01
   3.00300e+00   1.04270e+00   4.38000e-01
   3.02100e+00   1.07600e+00   4.93000e-01
   3.04000e+00   1.12950e+00   5.54000e-01
   3.05800e+00   1.21270e+00   6.12000e-01
   3.07700e+00   1.32510e+00   6.25000e-01
   3.09600e+00   1.42600e+00   5.93000e-01
   3.11500e+00   1.49660e+00   5.39000e-01
   3.13500e+00   1.55100e+00   4.91000e-01
   3.15500e+00   1.59990e+00   4.38000e-01
   3.17500e+00   1.63630e+00   3.72000e-01
   3.19500e+00   1.65020e+00   3.00000e-01
   3.21500e+00   1.64280e+00   2.38000e-01
   3.23600e+00   1.62690e+00   1.93000e-01
   3.25700e+00   1.61280e+00   1.58000e-01
   3.27900e+00   1.59240e+00   1.21000e-01
   3.30000e+00   1.57330e+00   1.03000e-01
   3.32200e+00   1.55770e+00   8.36000e-02
   3.34500e+00   1.54130e+00   6.68000e-02
   3.36700e+00   1.52650e+00   5.40000e-02
   3.39000e+00   1.51140e+00   4.22000e-02
   3.41300e+00   1.49730e+00   3.42000e-02
   3.43600e+00   1.48450e+00   2.74000e-02
   3.46000e+00   1.47210e+00   2.20000e-02
   3.48400e+00   1.46120e+00   1.86000e-02
   3.50900e+00   1.45130e+00   1.52000e-02
   3.53400e+00   1.44210e+00   1.26000e-02
   3.55900e+00   1.43370e+00   1.06000e-02
   3.62400e+00   1.41550e+00   8.02000e-03
   3.73200e+00   1.39420e+00   6.85000e-03
   3.77500e+00   1.38730e+00   6.60000e-03
   3.84700e+00   1.37730e+00   6.96000e-03
   3.96900e+00   1.36450e+00   9.16000e-03
   4.09900e+00   1.35410e+00   1.11000e-02
   4.23900e+00   1.34460e+00   1.45000e-02
   4.34800e+00   1.33880e+00   2.00000e-02
   4.38700e+00   1.33810e+00   2.30000e-02
   4.44400e+00   1.33850e+00   2.60000e-02
   4.50500e+00   1.34050e+00   2.90000e-02
   4.54700e+00   1.34290e+00   2.93000e-02
   4.56000e+00   1.34420e+00   3.00000e-02
   4.58000e+00   1.34630e+00   2.85000e-02
   4.71900e+00   1.34420e+00   1.73000e-02
   4.90400e+00   1.33450e+00   1.29000e-02
   5.00000e+00   1.32900e+00   1.20000e-02
   5.10000e+00   1.32330e+00   1.25000e-02
   5.20000e+00   1.31800e+00   1.34000e-02
   5.26300e+00   1.31430e+00   1.40000e-02
   5.40000e+00   1.30620e+00   1.75000e-02
   5.55600e+00   1.29720e+00   2.40000e-02
   5.71400e+00   1.28900e+00   3.50000e-02
   5.74700e+00   1.28730e+00   3.80000e-02
   5.78000e+00   1.28600e+00   4.20000e-02
   5.81400e+00   1.28510e+00   4.60000e-02
   5.84800e+00   1.28540e+00   5.20000e-02
   5.88200e+00   1.28810e+00   5.70000e-02
   6.06100e+00   1.30160e+00   6.90000e-02
   6.13500e+00   1.30900e+00   7.00000e-02
   6.25000e+00   1.31720e+00   6.70000e-02
   6.28900e+00   1.31890e+00   6.50000e-02
   6.32900e+00   1.32040e+00   6.40000e-02
   6.36900e+00   1.32200e+00   6.20000e-02
   6.41000e+00   1.32240e+00   5.90000e-02
   6.45200e+00   1.32150e+00   5.70000e-02
   6.49400e+00   1.32040e+00   5.60000e-02
   6.57900e+00   1.31810e+00   5.50000e-02
   6.66700e+00   1.31710e+00   5.70000e-02
   6.75700e+00   1.31810e+00   5.80000e-02
   6.89700e+00   1.31950e+00   5.70000e-02
   7.04200e+00   1.31930e+00   5.50000e-02
   7.14300e+00   1.31900e+00   5.50000e-02
   7.24600e+00   1.31910e+00   5.40000e-02
   7.35300e+00   1.31800e+00   5.20000e-02
   7.46300e+00   1.31630e+00   5.20000e-02
   7.56700e+00   1.31540e+00   5.20000e-02
   7.69200e+00   1.31540e+00   5.20000e-02
   7.81200e+00   1.31550e+00   5.00000e-02
   7.93700e+00   1.31450e+00   4.70000e-02
   8.06500e+00   1.31190e+00   4.30000e-02
   8.19700e+00   1.30680e+00   3.90000e-02
   8.33300e+00   1.29930e+00   3.70000e-02
   8.47500e+00   1.29250e+00   3.90000e-02
   8.69600e+00   1.28390e+00   4.00000e-02
   8.92900e+00   1.27400e+00   4.20000e-02
   9.09100e+00   1.26720e+00   4.40000e-02
   9.25900e+00   1.25990e+00   4.50000e-02
   9.52400e+00   1.24510e+00   4.60000e-02
   9.80400e+00   1.22240e+00   4.70000e-02
   1.00000e+01   1.19910e+00   5.10000e-02
   1.02000e+01   1.17150e+00   6.50000e-02
   1.03100e+01   1.15530e+00   7.50000e-02
   1.04200e+01   1.13700e+00   8.80000e-02
   1.05300e+01   1.11810e+00   1.08000e-01
   1.06400e+01   1.10130e+00   1.34000e-01
   1.07500e+01   1.09080e+00   1.68000e-01
   1.08700e+01   1.08730e+00   2.04000e-01
   1.10000e+01   1.09250e+00   2.48000e-01
   1.11100e+01   1.10650e+00   2.80000e-01
   1.13600e+01   1.14780e+00   3.41000e-01
   1.16300e+01   1.20200e+00   3.79000e-01
   1.19000e+01   1.25820e+00   4.09000e-01
   1.22000e+01   1.32310e+00   4.22000e-01
   1.25000e+01   1.38570e+00   4.22000e-01
   1.28200e+01   1.44480e+00   4.03000e-01
   1.29900e+01   1.47170e+00   3.89000e-01
   1.31600e+01   1.49620e+00   3.74000e-01
   1.33300e+01   1.51650e+00   3.54000e-01
   1.35100e+01   1.53330e+00   3.35000e-01
   1.37000e+01   1.54900e+00   3.15000e-01
   1.38900e+01   1.56280e+00   2.94000e-01
   1.40800e+01   1.57320e+00   2.71000e-01
   1.42900e+01   1.58030e+00   2.46000e-01
   1.47100e+01   1.57920e+00   1.98000e-01
   1.51500e+01   1.56670e+00   1.64000e-01
   1.53800e+01	 1.55870e+00   1.52000e-01
   1.56300e+01   1.55080e+00   1.42000e-01
   1.61300e+01   1.53810e+00   1.28000e-01
   1.63900e+01   1.53300e+00   1.25000e-01
   1.66700e+01   1.53220e+00   1.23000e-01
   1.69500e+01   1.53340e+00   1.16000e-01
   1.72400e+01   1.53290e+00   1.07000e-01
   1.81800e+01   1.51700e+00   7.90000e-02
   1.88700e+01   1.50100e+00   7.20000e-02
   1.92300e+01   1.49680e+00   7.60000e-02
   1.96100e+01   1.49930e+00   7.50000e-02
   2.00000e+01   1.50150e+00   6.70000e-02
   2.04100e+01   1.49860e+00   5.50000e-02
   2.08300e+01   1.49050e+00   4.50000e-02
   2.22200e+01   1.46070e+00   2.90000e-02
   2.26000e+01   1.45180e+00   2.75000e-02
   2.30500e+01   1.44220e+00   2.70000e-02
   2.34000e+01   1.43160e+00   2.73000e-02
   2.45000e+01   1.41380e+00   2.89000e-02
   2.50000e+01   1.40680e+00   3.00000e-02
   2.60000e+01   1.38950e+00   3.40000e-02
   2.85700e+01   1.34890e+00   5.30000e-02
   3.10000e+01   1.31040e+00   7.55000e-02
   3.33300e+01   1.26420e+00   1.06000e-01
   3.44800e+01   1.23660e+00   1.35000e-01
   3.56400e+01   1.21660e+00   1.76100e-01
   3.70000e+01   1.20230e+00   2.22900e-01
   3.82400e+01   1.19640e+00   2.74600e-01
   3.96000e+01   1.19970e+00   3.28000e-01
   4.11400e+01   1.20860e+00   3.90600e-01
   4.27600e+01   1.22170e+00   4.64200e-01
   4.35800e+01   1.24170e+00   5.24700e-01
   4.45800e+01   1.28180e+00   5.73100e-01
   4.55000e+01   1.32780e+00   6.36200e-01
   4.61500e+01   1.38660e+00   6.83900e-01
   4.67100e+01   1.46490e+00   7.09100e-01
   4.73600e+01   1.55320e+00   6.79000e-01
   4.80000e+01   1.60380e+00   6.25000e-01
   4.87800e+01   1.61880e+00   5.65400e-01
   5.00300e+01   1.62960e+00   5.43300e-01
   5.12800e+01   1.65710e+00   5.29200e-01
   5.27500e+01   1.69810e+00   5.07000e-01
   5.35000e+01   1.72060e+00   4.88300e-01
   5.42400e+01   1.74860e+00   4.70700e-01
   5.50000e+01   1.76740e+00   4.20300e-01
   5.57400e+01   1.76480e+00   3.77100e-01
   5.64000e+01   1.75010e+00   3.37600e-01
   5.70000e+01   1.72330e+00   3.05600e-01
   5.74600e+01   1.68490e+00   2.83500e-01
   5.84000e+01   1.62400e+00   3.17000e-01
   5.92900e+01   1.59600e+00   3.51700e-01
   6.00000e+01   1.58510e+00   3.90200e-01
   6.10000e+01   1.59920e+00   4.50900e-01
   6.12500e+01   1.61400e+00   4.67100e-01
   6.25000e+01   1.66620e+00   4.77900e-01
   6.37800e+01   1.70660e+00   4.89000e-01
   6.46700e+01   1.73710e+00   4.89900e-01
   6.55800e+01   1.76860e+00   4.87300e-01
   6.65500e+01   1.80340e+00   4.76600e-01
   6.76000e+01   1.83300e+00   4.50800e-01
   6.90000e+01   1.85680e+00   4.19300e-01
   7.05300e+01   1.87410e+00   3.88000e-01
   7.30000e+01   1.89110e+00   3.43300e-01
   7.50000e+01   1.89920e+00   3.11800e-01
   7.62900e+01   1.90430e+00   2.93500e-01
   8.00000e+01   1.90330e+00   2.35000e-01
   8.29700e+01   1.88740e+00   1.98100e-01
   8.50000e+01   1.87500e+00   1.86500e-01
   8.68000e+01   1.86700e+00   1.77100e-01
   9.08000e+01   1.85360e+00   1.62000e-01
   9.51700e+01   1.84250e+00   1.49000e-01
   1.00000e+02   1.83230e+00   1.39000e-01
   1.20000e+02   1.81910e+00   1.20000e-01
   1.50000e+02   1.82270e+00   9.62000e-02
   1.67000e+02   1.82960e+00   8.30000e-02
